4224911000001104
3485311000001105
3678311000001106
35917511000001103
3655511000001106
4090211000001104
3682711000001102
8794611000001107
35921111000001106
4427611000001100
4999611000001102
4396111000001109
4437411000001101
4218011000001104
4030511000001106
11612711000001105
4631211000001107
4812011000001108
3544711000001108
3544611000001104
3558911000001101
4119311000001109
4119511000001103
329574003
4033011000001108
3459311000001101
3487411000001109
3689911000001105
3947611000001102
3329411000001103
3432811000001104
3701311000001104
3371711000001109
3818111000001109
4072311000001103
4008811000001103
3501711000001101
9410711000001104
9406611000001108
9406911000001102
3441211000001106
11457311000001104
4033911000001107
3926211000001104
4556011000001102
324577008
4728011000001101
4557111000001103
331826003
331824000
10574811000001101
3805811000001108
4337611000001105
5211211000001108
4427311000001105
8797111000001109
5627811000001105
4860611000001103
8797311000001106
3558411000001109
8175411000001107
7720911000001108
18043611000001102
331830000
331831001
9409811000001101
7721011000001100
11505311000001107
4601511000001103
9084811000001106
4556711000001100
4556811000001108
4651211000001108
3948311000001108
4660411000001107
9475911000001101
9475811000001106
3435011000001100
18160911000001103
8796811000001104
3368411000001102
8561711000001104
8985911000001108
7425811000001101
318576008
317361001
3368911000001105
326342007
3462511000001107
8153611000001109
318122004
3462611000001106
4637711000001109
4638411000001104
4503511000001108
4503611000001107
9574911000001108
4340611000001107
4340511000001108
4842611000001106
3444211000001108
4105311000001105
7660011000001109
5001411000001101
4601211000001101
7718611000001105
331825004
3558611000001107
377142008
134521002
3591511000001108
3508811000001103
3478811000001100
3498511000001106
3559911000001109
3422611000001100
3558511000001108
3508611000001102
4427711000001109
3602211000001105
3514311000001100
3560211000001101
3485811000001101
3514411000001107
3558811000001106
3484611000001101
9042811000001105
7640311000001104
7640411000001106
7640511000001105
8507911000001106
8508011000001108
7659411000001104
7659511000001100
7659611000001101
7659711000001105
7659811000001102
5708111000001101
3480811000001107
3404111000001105
3404411000001100
3493711000001107
3477511000001102
3898011000001107
3498711000001101
3494211000001102
3818711000001105
4253211000001109
4562311000001106
4195511000001102
3864311000001102
400867003
3367611000001103
3367811000001104
3368011000001106
3819011000001103
3819111000001102
4110211000001108
4110311000001100
4367611000001101
374402002
410837000
3558011000001100
3377911000001103
3411111000001109
3411211000001103
3411011000001108
3485711000001109
3328511000001105
3404611000001102
4339611000001100
4367911000001107
4600911000001103
4172611000001100
5436011000001101
4031411000001103
4172411000001103
4172511000001104
7660111000001105
5014811000001104
5015011000001109
5015111000001105
5014911000001109
4637611000001100
4503811000001106
4956911000001105
4747611000001107
4747711000001103
4747511000001108
4504311000001100
4504211000001108
7877011000001109
5376511000001102
4503711000001103
4288511000001109
4601411000001102
408156000
3983311000001107
4508711000001109
4508611000001100
3521411000001101
324067003
3655711000001101
3604211000001101
5322611000001103
5322711000001107
8285611000001103
8175511000001106
7335411000001106
8664311000001109
7529911000001101
7528911000001109
5420611000001109
7967511000001101
7718711000001101
8972711000001107
8972811000001104
8972911000001109
8520311000001102
318094008
9306311000001108
6894111000001106
5709411000001103
15857511000001104
8160811000001109
7353011000001104
7353111000001103
20933811000001109
20933911000001104
20934011000001101
20934111000001100
9315911000001100
9316011000001108
9316111000001109
8160911000001104
8013711000001104
7903111000001103
7903211000001109
7903311000001101
7903411000001108
7903511000001107
7903611000001106
7903711000001102
8044911000001106
8045011000001106
8669911000001106
8285811000001104
13078711000001102
9043011000001108
9306411000001101
9042911000001100
10675511000001108
9306511000001102
9363811000001107
9467711000001102
9467811000001105
10156911000001105
9730911000001100
10633811000001109
10925511000001108
9750611000001105
10831811000001102
10831711000001105
10688111000001100
10831911000001107
324848003
10987511000001106
10987611000001105
11473511000001103
10064411000001105
10987711000001101
8793011000001102
13610211000001105
4559811000001102
12665111000001104
12665211000001105
13113511000001101
5000111000001100
13078511000001107
13133211000001106
13078811000001105
13639511000001107
14252611000001100
14203311000001106
13133711000001104
16074211000001108
13133811000001107
14203511000001100
14203411000001104
16074111000001102
14203711000001105
15936311000001104
15936411000001106
21597811000001105
21209511000001108
23107511000001108
23107611000001107
20555811000001101
22648211000001106
21217011000001107
21217111000001108
21217211000001102
21217311000001105
21216811000001103
21216911000001108
24510811000001100
23305111000001101
23305211000001107
23305311000001104
23305411000001106
23604711000001106
23604811000001103
23344611000001100
22787311000001104
21178711000001100
19524611000001102
21681211000001107
24422411000001104
24422211000001103
24422311000001106
19448011000001108
18291611000001104
19533611000001102
17646611000001105
18772011000001103
18771611000001104
18771711000001108
18771811000001100
18771911000001105
423074002
449109006
449333009
331746003
333769007
444988004
376491004
332092005
332081009
111141006
346375005
4639711000001101
4177411000001100
3497211000001109
3497311000001101
333790004
353273003
322751004
322750003
333700009
322806006
322816003
320261001
333790004
376368002
400683001
331352004
316934001
331366009
400728002
400812004
400332006
331587000
331588005
333166005
330242006
330986007
347895003
333152000
329414005
331371002
331367000
385582002
331401000
316944004
317339006
347988008
317168003
317167008
326590004
400613007
400824006
400585003
317382007
317639003
317615008
330179000
331372009
332751007
347060000
330177003
332176002
333510002
333303009
332451008
332412003
331262008
332170008
377006003
317571000
332177006
317338003
333960003
331398003
331399006
331374005
331388009
333120000
332171007
333369005
331368005
331353009
330176007
331355002
331414004
333342009
346522007
348212005
329138004
330174005
333512005
333320008
316941007
331391009
332786009
331375006
333515007
333388003
330178008
332308005
346523002
327440008
333345006
327796000
333962006
370296003
331354003
320957002
317587002
332810002
321361007
409319007
332431009
327711009
326957008
347395006
354065009
347588001
347589009
347590000
347591001
317918007
370622000
329912003
318012008
318651004
322122009
324513000
318315004
324175007
329242009
334068003
316949009
347575004
376123003
329397001
316943005
322523005
324036000
326772003
329167003
329168008
329183003
329297004
329298009
331324008
331334004
333299004
347900004
349815009
83459002
407074009
407075005
324366003
329584002
318215001
317904000
317607005
317609008
317608000
317606001
323734001
320979007
324240004
331105001
317540009
348005009
329804005
333552007
347690006
347689002
320544003
320937001
323984000
324934004
322197005
333343004
347711000
320959004
317898007
324584000
327477000
327474007
319794009
330599004
347087001
347085009
324748005
324727008
324746009
324747000
384943002
353940003
320908000
375720001
376911008
376910009
347392009
318626000
318625001
324664009
406250005
406251009
406252002
359133006
359132001
334038007
326090006
408154002
427276006
318341005
318338001
327835008
319489008
319482004
356746005
319492007
423724009
319497001
353920005
319501006
417908001
329334005
418477001
417896005
329335006
409379002
376566002
333913006
430325001
333914000
333909004
320805003
320804004
31587003
319557002
326682005
324617009
326673004
387768004
326688009
326691009
319565004
347206003
326683000
326674005
326689001
326696004
326690005
320910003
326142002
320911004
317885003
319841005
319840006
375699003
392642007
319837006
348228000
323132005
332422009
324143009
324142004
317879005
318049002
317874000
324262004
320372009
320358000
386165003
320379000
375487002
318188002
135909003
408615004
321763007
419986008
321761009
321765000
321762002
320986004
326605005
323730005
323736004
324657007
323175004
323178002
416310004
323177007
410959002
317635009
329319004
319360005
319361009
318437005
318588005
318438000
326170000
326169001
325007009
334033003
334034009
334035005
330553001
347098000
318197003
348037005
318195006
318202005
318201003
318198008
318199000
318191002
348036001
318192009
135910008
320687006
330117007
408133009
358599006
320529004
320527002
320492001
408064008
320631003
408063002
320530009
320528007
407770009
320532001
320491008
320632005
320531008
320488008
320487003
407769008
320490009
408062007
320630002
320533006
408061000
410966001
410968000
318166002
318171009
329534009
331256003
332389004
332349005
325346002
331829005
332874001
330619006
409409000
409410005
333438007
318258002
320695005
134499006
320565009
331032009
320567001
320571003
317443009
320568006
320574006
318025000
318165003
347583005
136118007
347585003
322499003
407895000
407896004
407897008
323346004
327304007
331589002
334050001
327098009
327332003
332219005
332220004
324338006
324339003
321167000
426944004
134486008
134484006
329921002
318778006
320212003
320199000
320208009
320205007
320201003
320211005
408159007
325700000
325702008
325706006
325725009
325726005
417600006
330747004
330746008
325828004
320416002
320422006
320417006
320421004
320423001
320425008
320419009
329894002
407802008
330714008
330715009
400223007
319695003
319696002
319697006
319708003
319705000
319701009
319702002
319692000
348350001
324176008
324177004
323032008
323033003
134539006
322637009
322626008
322622005
322638004
322627004
322639007
322628009
322663004
322664005
322662009
326776000
330002005
325468006
426832001
330003000
325467001
400577007
325891001
398729006
330826008
320989006
320990002
320996008
320997004
400425003
330021002
330022009
330023004
330987003
406326006
406327002
348279006
347232009
400279009
400642004
400274004
400854001
406328007
400787009
400307009
347233004
325968004
320661006
320660007
347234005
320654007
320646005
317634008
329222000
329223005
407800000
329221007
324318005
415544003
404890002
404888003
333291001
322973000
322972005
322968006
326633005
325907007
325908002
325906003
325901008
325865002
325902001
325903006
325904000
325884004
325856009
325849003
325885003
325905004
325848006
325852006
325847001
325883005
325855008
325864003
325863009
318524009
320992005
320993000
321513004
325634008
321501009
320778006
333874009
333869001
333871001
333875005
333866008
333872008
135913005
318585008
318368005
135914004
135912000
319752006
319751004
326012002
330762002
321081000
321082007
375493005
326070002
347762002
317252003
134672002
319845001
319724002
324481005
324496009
326160002
327393005
327394004
334064001
334063007
334199004
334200001
334197002
334201002
334198007
330890008
426384003
425670005
426009004
320545002
320442002
320136009
320176004
320134007
320132006
320135008
320133001
320116008
320107009
320148007
400404003
320248001
320249009
323156009
317555000
317556004
347619006
322922008
347620000
347621001
333101002
322636000
320420003
318746003
318750005
330780006
323090003
329403007
329410001
347202001
347203006
347204000
347207007
347209005
330703005
330702000
330701007
321706002
321705003
329880003
329879001
348001000
353186000
353113002
327484008
330797000
327690003
347472003
347473008
347479007
347480005
347475001
347483007
347485000
347477009
347486004
347487008
347476000
347484001
347489006
347478004
347488003
347490002
404885000
404886004
327704005
327786009
331316003
333330004
333337001
333336005
326299002
333335009
333333002
333332007
329994003
322147006
322146002
323257006
323254004
323255003
325625003
406323003
317298002
317300002
322172006
322179002
322456008
320325009
320355002
347557000
318507003
330755006
326569007
326138000
326137005
400756007
400857008
400231002
324887003
324886007
409153004
325958009
325953000
325959001
414019006
325960006
414020000
334040002
424939008
333955002
419435005
419947009
418616006
416935004
408153008
407926006
407924009
327223002
327233005
327232000
327221000
327222007
358181007
322602006
322603001
323171008
321476000
333112002
333968005
333970001
333969002
333967000
384944008
400894004
322596008
322597004
324585004
334099002
334104001
334100005
350380000
327341008
327349005
327348002
327350005
327351009
327342001
327340009
329847005
329848000
414806008
320677007
322304004
330349004
334084002
330099008
324168006
324169003
324166005
324165009
324167001
408059009
408057006
408058001
323271003
319309009
319310004
319311000
317285006
319914001
319912002
319913007
319558007
326450004
333729006
322590002
326905008
326883002
326881000
326882007
326879002
326884008
326906009
326877000
319551001
433012003
433013008
432413007
432723002
432724008
433520006
325398000
325397005
325399008
325422008
325423003
330668006
330667001
322117009
322113008
318547005
318477002
324521006
324516008
318301001
318302008
347178008
353135005
320070008
332755003
332757006
406421000
406422007
324715005
333851005
333853008
333854002
329787007
329786003
329785004
329788002
333983000
333979000
318462005
134533007
327380000
317312003
327126004
327124001
327361002
327359006
423763002
330724000
334213007
334212002
334211009
324635000
334216004
334218003
348364001
406316004
406313007
346548004
406319006
406320000
406317008
406310005
406314001
134560000
321732008
321740002
321834002
321302003
317588007
316945003
333087002
333089004
406293005
406292000
400451001
418495003
326437000
400440001
327279000
326765004
317416004
327058007
327057002
319548008
330800003
317118006
354041006
354042004
347161004
330779008
329711003
329713000
329712005
374106009
374202004
333027004
319453000
321825007
329727005
329726001
329756005
329723009
325076004
400847007
412448008
325111000
353988000
371496005
325065003
325067006
325070005
325143000
371419004
371418007
371485002
325064004
325063005
353987005
371483009
371430001
325100008
400844000
327167009
320988003
320345001
320348004
320350007
327026002
327025003
327524007
327526009
419002006
324475002
319376001
319372004
319374003
376750002
319375002
319377005
317478009
134563003
324118003
347666005
347688005
329456009
329457000
414343002
325303000
319400009
319401008
319409005
319387009
319398005
319383008
319395008
319396009
319402001
319397000
319403006
319399002
374936004
322195002
442491008
322191006
386154008
318734002
321454009
321452008
321701007
321700008
407864007
319643006
319641008
319642001
319572003
319600003
319580005
319601004
319659006
319579007
319576000
319577009
319645004
319575001
319573008
319574002
333705004
333703006
351451004
333566002
331298000
347682006
347681004
347605006
347603004
347604005
347155002
347156001
400668006
329978005
332001006
325385009
325379002
374815000
322672007
322673002
322669000
374811009
322670004
322671000
325593005
321287005
321658001
321682006
321685008
321688005
321686009
321683001
321678009
321687000
321684007
353194007
329647008
320592003
320587000
320581004
320582006
320588005
320600005
320599007
320586009
320580003
327556000
325816007
412650008
385518005
412648000
412649008
332439006
433247000
347404003
323011000
385520008
318169009
318011001
318009005
317982004
408081004
419538005
321984005
326359002
317329000
322577009
330053006
317823008
330052001
134744001
330044004
330327005
347133005
324127002
414115003
327678000
327664001
327641003
327660005
327677005
327676001
134483000
319666007
319920000
319921001
319919006
319805005
319806006
326127000
326125008
324209006
325539007
325537009
325500003
325501004
400547001
400670002
325536000
325494002
359282000
420238002
406308008
406309000
326927004
408144001
319932001
319931008
320440005
320441009
348406003
327467002
327448001
327476009
327451008
318278005
324705004
321328000
331964000
330887002
330886006
326861001
326866006
326868007
326863003
326871004
321666005
321662007
321663002
321664008
322541002
317878002
326117006
326116002
320727004
319769008
319797002
398638003
318269004
318268007
318271004
318270003
332138008
319506001
319507005
319518005
319523005
319524004
319543004
320896009
374192000
347122007
426040006
334078000
400299003
319979001
420500000
320299008
319567007
319568002
320302008
326802005
347400007
326803000
327618006
327622001
327619003
327620009
327621008
134662000
384871009
384870005
384869009
384868001
384867006
327661009
327645007
327665000
327642005
327662002
327646008
327663007
324279005
324280008
321105005
321789007
321790003
318670009
318669008
332876004
332094006
317520002
322506001
322507005
319458009
319459001
323625000
320906001
324309008
318583001
346384005
326853006
326854000
326844004
326849009
326843005
327235003
319636000
319650005
319637009
319613009
319710001
413942006
329481007
329478002
325921009
325922002
331893001
347119005
416440003
419746009
323071006
323072004
318644008
330526000
329556007
317871008
331905002
331907005
317905004
322540001
333928006
333922007
333919005
333929003
333920004
333921000
322592005
322571005
322570006
322579007
322588003
322575001
320970006
322589006
409440007
407881003
407778002
409442004
409443009
409445002
407882005
409446001
440476002
409444003
334018006
334017001
375919001
370276006
375856006
375924003
322723008
322715006
322720006
322711002
322731003
322732005
322712009
322733000
322716007
322741000
322721005
322713004
322742007
322710001
322722003
322714005
322730002
322486001
322448005
354043009
322440003
333941005
322761006
333942003
354046001
322450002
322694004
408079001
322690008
444958008
322695003
408078009
444885002
322696002
407919006
322689004
445146000
322697006
325944007
325945008
325939000
329351003
329352005
325950002
329164005
333053007
333050005
326143007
326726002
317517005
323799008
323800007
323803009
323889006
323974001
323946006
347109004
323881009
319712009
326086009
326087000
321098000
347111008
333224002
331293009
333197009
333199007
324897007
353858005
320707000
321386003
321388002
321369009
321389005
413831003
325758000
325761004
325759008
325760003
327093000
327095007
327094006
324857009
317227000
317225008
407823002
324608009
400468002
324604006
334072004
334066004
334067008
327017000
324246005
332360001
374793004
321550003
321551004
321552006
321549003
323226006
318948008
324434009
410961006
410960007
327371000
329179003
330590000
330589009
322206000
322205001
347245008
317890000
331004000
350363004
325821005
334049001
318975001
318251008
318246002
326931005
326932003
326945004
326946003
326944000
326950005
326951009
398860002
407806006
324882009
416263005
417195007
324771007
134603008
321588001
321587006
321713002
321718006
332720000
332089006
323299007
329585001
319616001
319679003
319673002
320981009
319621003
322182007
318008002
329850008
423491006
324191005
317799006
320980005
318247006
324079003
317410005
323292003
320604001
326219003
324569009
319668008
323535003
321968009
356479009
322505002
332917003
323300004
320025000
329586000
322990006
333641007
332201001
329363008
322883000
322884006
320938006
134751005
320820009
320706009
320704007
324250003
332359006
323569002
323542003
317519008
327537005
322065007
325366006
319615002
319617005
356478001
329600004
329559000
330206003
353251005
318213008
321976006
321978007
325929006
319863001
321546005
331074004
322831007
324921000
318407001
318406005
319440003
407845001
324615001
327703004
330493000
400364004
323232001
317563004
347294008
327737007
321502002
320973008
320974002
349392002
320777001
326524001
703806003
703807007
703924000
411533003
409361001
442489000
442323002
417289004
416110006
398895004
410972001
414538008
410946005
319519002
134648007
331065001
319671000
319672007
319680000
321460009
408026006
354044003
408013007
333900000
323349006
320118009
319667003
333899005
134587001
330114000
320962001
319248007
331054006
320824000
134498003
400780006
400877001
404179005
323291005
326522002
320280004
320279002
320277000
320605000
320603007
320602002
322087003
327413008
319113008
319112003
319941006
319291002
134456001
319288002
319287007
317954006
319766001
330404003
318250009
135921004
318007007
323564007
398942003
398905005
398787005
319216008
319215007
323740008
319124005
319100002
319367008
324433003
323293008
319273007
319276004
319274001
319277008
319272002
319185009
319182007
319183002
319184008
319187001
319186005
319181000
319198000
319205001
319180004
418945005
319099005
319132002
319136004
319117009
329607001
322284000
322282001
319408002
329757001
320096005
320100006
320099003
320119001
322281008
317248003
322945002
324203007
324192003
327449009
319247002
319233001
322969003
317159000
320831001
329686007
322965009
322966005
322967001
324568001
318006003
327417009
327470003
323111002
386106000
377267002
327554002
320108004
329622006
317406007
331080007
321729005
321734009
329662005
400576003
331062003
331822001
322093006
320244004
320618008
320274007
320275008
320614005
320276009
320615006
327531006
323332004
319275000
322123004
331018007
325538004
326578001
326579009
331285009
322546007
322550000
322551001
320151000
323298004
320263003
320264009
320206008
320250009
320141001
326672009
386047000
320139002
323885000
323868002
318916009
318917000
318923005
318915008
324600002
422802007
324605007
324607004
324606008
322165005
320713009
319799004
409322009
322556006
703680009
703679006
442242000
442384006
329963003
322312007
322377005
318259005
318260000
326506003
322077002
443311001
414073000
318849001
329641009
323464005
323465006
321936001
321407005
321935002
321926009
321927000
320022002
320023007
407020003
374665007
318892006
410948006
407904005
324738008
324740003
324734005
332721001
353865002
332999004
333783009
333787005
333784003
323869005
333785002
323884001
319870001
427120009
322310004
329526003
322321008
320029006
320534000
320535004
320520000
407797002
414462000
414461007
410950003
317956008
320543009
407810009
318739007
332392000
318740009
333981003
320666001
331147002
320667005
426269005
325344004
324633007
317695007
329369007
377521001
424608008
374296008
348039008
422486000
424458007
374294006
331152007
424293002
374295007
398854002
423266009
376988009
398739000
323160007
321835001
321120004
331473003
321566001
321567005
321568000
320714003
327791005
326283008
324923002
329401009
324929003
333936002
322787006
324090008
324092000
324091007
324093005
432159000
432118006
318640004
414815001
321861002
321864005
322174007
320324008
323234000
421041006
443785004
443997005
323165002
323164003
323163009
322612004
331344002
323786005
443469008
443088009
324905005
321635004
326071003
321996003
703781002
703780001
320104002
423046007
443067000
443713000
321960002
321959007
134526007
134527003
327312004
327313009
327335001
324011006
324012004
323037002
323038007
323036006
326216005
325979009
704317002
326217001
427960006
428403002
326218006
329467005
321547001
326211000
321548006
322204002
332088003
408021001
332715000
408034000
408033006
323110001
421941008
420608002
323112009
321974009
321971001
317359005
321970000
321564003
324308000
321563009
406276005
321565002
320697002
406275009
322012000
322539003
333891008
322553003
321910008
325630004
325631000
348125006
324922007
333607004
323073009
320180009
320177008
320178003
320179006
329591004
320171009
376431001
320921007
324072007
326233003
320445000
333879004
332423004
317484007
319499003
333892001
333485001
319481006
346418000
326452007
349394001
421136001
326596005
327679008
400531003
327681005
400562004
400456006
320610001
400520006
320611002
134649004
320644008
134650004
327712002
134651000
324953009
327244002
326634004
331568006
328299009
326186007
356444007
406279003
333881002
319819005
406325005
319821000
319823002
324412007
317433006
322823002
320200002
407851006
322633008
347554007
348070000
317888001
427548002
333773005
333774004
333727008
333732009
333731002
333734005
348138003
433143008
431853003
432658007
420370000
410954007
348047008
346521000
348046004
327212001
327214000
327217007
320346000
320340006
320339009
320347009
333886007
400309007
400661000
420867007
326428000
407899006
333079003
400449000
226293002
333668007
333670003
333937006
317396001
317411009
326258008
346853003
398684008
400480005
326484000
404853003
400432007
398634001
324592009
331219007
398784003
326273009
398751003
322237000
398645003
358501001
398703006
325004002
426418008
324978008
329881004
407813006
329882006
322851006
347623003
327700001
327784007
333338006
326298005
326297000
317692005
317693000
325444003
329247003
324880001
413382007
318412000
318586009
318413005
318414004
703581000
703583002
703584008
325974004
325977006
134599008
425960005
425669009
134531009
321930007
321929002
319284000
319283006
323563001
323539009
323509004
323510009
392259005
324656003
323624001
374572004
327005002
320030001
320031002
134489001
324931007
377213008
324258005
322055001
322056000
318597009
407816003
407815004
703587001
703588006
321327005
321323009
703682001
377268007
323119000
377269004
377270003
323791006
323795002
323813001
323883007
331569003
323886004
